400
454
427
438
452
452
438
451
401
411
452
434
442
449
419
419
419
418
417
415
417
419
418
416
415
418
419
416
415
419
416
417
418
417
415
417
418
415
418
419
417
419
417
416
416
417
416
419
418
417
419
415
415
416
418
418
419
417
425
416
415
421
428
415
413
410
416
410
419
420
425
429
428
410
424
420
423
416
428
429
420
413
421
422
424
410
419
412
417
429
428
417
429
427
423
428
428
416
413
411
414
422
410
414
410
400
400
400
414
426
417
-1
-1
-1
496
415
437
405
400
422
407
436
442
439
432
445
-1
-1
475
532
580
625
590
682
683
719
744
769
819
801
776
776
790
806
824
809
-1
411
-1
456
621
426
440
460
400
-1
416
419