1306
994
1377
1350
986
1119
965
947
1171
1085
1347
874
1190
869
1149
1215
1184
1330
1306
1392
1359
1254
1176
1176
1214
1283
1392
1188
1134
1147
1153
1143
1318
1301
1294
1317
1275
1302
1222
1176
1143
1301
1200
1101
1108
1201
1396
1278
1344
1289
1163
1330
1143
1161
1326
1160
1372
1202
1511
1517
1620
1731
1596
1693
1744
1693
1744
1787
1571
1504
1682
1587
1784
1592
1680
1735
1696
1411
1710
1623
1535
1413
1798
1410
1516
1410
1599
1454
1408
1461
1486
1682
1630
1476
1597
1526
1752
1681
1598
1721
1632
1657
1736
1491
1552
1502
1768
1401
1760
1506
1762
1514
299
254
254
256
249
306
256
246
239
234
258
239
247
242
260
269
239
240
240
232
238
241
253
249
251
242
246
266
255
251
255
27
261
245
240
250
365
0
0
252
464
265
353
214
199
209