34.0
28.0
32.0
35.0
29.0
28.0
36.0
40.0
40.0
35.0
32.0
30.0
40.0
31.0
19.0
18.0
16.0
16.0
18.0
19.0
19.0
17.0
16.0
16.0
15.0
19.0
17.0
18.0
18.0
18.0
19.0
16.0
15.0
15.0
18.0
18.0
15.0
16.0
19.0
15.0
16.0
17.0
17.0
19.0
19.0
17.0
15.0
16.0
16.0
19.0
17.0
17.0
16.0
19.0
18.0
17.0
19.0
16.0
21.0
20.0
21.0
22.0
20.0
22.0
22.0
22.0
20.0
22.0
21.0
21.0
20.0
21.0
22.0
22.0
21.0
21.0
22.0
20.0
20.0
22.0
21.0
21.0
21.0
22.0
22.0
22.0
20.0
20.0
21.0
22.0
21.0
20.0
21.0
22.0
21.0
20.0
22.0
20.0
21.0
20.0
22.0
21.0
22.0
22.0
22.0
22.0
22.0
22.0
22.0
21.0
21.0
22.0
24.0
25.0
24.0
24.0
23.0
23.0
22.0
22.0
22.0
22.0
21.0
21.0
21.0
20.0
27.0
24.0
23.0
22.0
21.0
21.0
22.0
20.0
20.0
19.0
18.0
18.0
18.0
18.0
18.0
18.0
18.0
17.0
18.0
19.0
18.0
18.0
17.0
16.0
18.0
17.0
17.0
7.0
4.0
30.0
28.0
0.0