6.22
6.44
6.46
6.28
5.6
6.21
5.71
6.23
5.99
5.93
6.15
5.98
5.65
5.97
5.94
5.96
5.9
5.9
5.82
6.21
6.28
5.66
5.98
6.15
6.49
5.83
5.63
6.35
6.3
6.37
5.66
6.49
5.84
6.06
6.35
5.86
6.04
5.6
5.68
6.1
5.92
5.94
6.12
5.74
5.99
6.46
6.19
6.41
5.61
6.01
6.47
6.19
6.23
5.6
5.61
6.0
5.58
5.5
6.17
6.01
6.63
6.36
6.23
6.11
6.08
6.53
6.34
6.78
6.53
6.15
6.43
6.66
6.14
6.64
6.31
6.51
6.1
6.39
6.09
6.52
6.24
6.69
6.09
6.62
6.75
6.05
6.3
6.71
6.72
6.55
6.7
6.37
6.24
6.33
6.49
6.33
6.25
6.62
6.21
6.78
6.15
6.01
6.47
6.24
6.76
6.21
6.58
6.73
6.74
6.18
6.3
6.15
6.97
6.3
6.28
6.31
6.29
6.29
6.28
6.3
6.32
6.31
6.34
6.35
6.34
6.36
6.44
6.43
6.47
6.5
6.46
6.49
6.61
3.48
3.5
5.83
6.32
6.24
6.16
6.16
5.85
5.85
5.89
5.95
5.98
5.99
5.96
5.92
6.0
5.93
5.66
5.78
5.8
5.86
5.96
6.0
5.99
6.0