23.48
29.66
24.55
30.05
26.24
28.78
29.82
26.48
23.87
25.6
26.78
28.64
28.95
26.03
28.86
25.41
28.47
25.35
28.75
28.33
25.47
25.56
27.34
28.64
25.31
27.49
28.87
26.23
25.49
28.66
26.5
26.88
26.35
26.98
27.77
26.32
28.07
28.67
26.6
26.75
28.1
28.36
26.5
28.45
27.35
27.64
27.94
25.71
26.44
28.57
25.4
25.36
25.35
27.04
29.9
29.72
29.91
29.57
27.94
28.76
27.06
27.68
29.06
27.69
26.54
29.71
26.65
27.26
26.55
27.01
26.34
28.65
30.03
27.94
29.85
28.22
28.51
26.54
29.47
28.47
26.37
29.31
27.18
29.55
27.87
30.18
26.85
29.01
28.62
29.53
27.3
27.55
26.8
27.4
27.37
28.44
26.51
26.34
28.35
28.05
27.5
26.1
27.12
25.15
25.81
27.95
26.07
28.15
26.58
25.91
28.11
25.81
26.23
27.4
27.5
27.5
27.5
27.5
27.6
27.6
27.65
27.55
27.6
27.6
27.55
27.6
27.7
27.4
27.45
27.5
27.5
27.5
27.55
27.5
27.5
27.5
27.45
27.5
27.55
27.5
27.5
27.45
27.45
27.45
27.45
27.5
27.5
27.5
27.5
27.55
27.5
27.5
27.5
27.6
27.6
27.65
27.65
27.6
27.7
27.7